09351900592
09383490776
09369661950
09191146599
09136596824
09147755004
09034661569
09126959858
09358118313
09156253465
09359696730
09364003843
09017027112
09338440080
09190068336
09037428948
09171669891
09172695011
09187343252
09037351755
09117548692
09027841513
09106199186
09370384533
09165886241
09011222433
09387211494
09154127768
09364966757
09399715537
09900345964
09388148904
09145965710
09024420550
09333978365
09124033342
09372562007
09148793858
09336424564
09127197558
09396893171
09383871178
09158203139
09360632189
09300166983
09904589827
09372686589
09116242636
09142513556
09102118425
09181550050
09380271067
09308162186
09370585610
09384955275
09359320578
09305414969
09143097002
09195758203
09227877195
09381541241
09100422353
09111384260
09369315427
09905676146
09104474146
09146412534
09214270284
09358374972
09197648782
09011745284
09376458175
09133504194
09375519456
09335868167
09377583992
09380690178
09120680255
09198994293
09391102209
09370158602
09167250261
09393393281
09389578141
09384779532
09303483391
09309669880
09155744677
09369343791
09366637186
09981129405
09017459007
09177895414
09197525923
09034060441
09165051347
09390038369
09179246248
09362645251
09168360785
09912793612
09195450971
09387562993
09902160950
09338263223
09037460093
09356044712
09371039695
09331613884
09210145370
09397979975
09352000501
09175512497
09334939377
09108886558
09126055440
09381796399
09141257848
09162681348
09916284417
09919082725
09944235420
09394186119
09364449487
09304346794
09114664049
09126411913
09037542976
09039043442
09118244977
09356761295
09210783547
09057239925
09358262474
09390935088
09367175094
09388806527
09367618687
09379126520
09126133877
09308344018
09028206908
09176164227
09116913785
09392905316
09197665456
09129560124
09388760252
09018221306
09178906962
09058915372
09014330142
09111447072
09152367886
09390301840
09155790951
09039433094
09128554163
09337507082
09217674868
09374483223
09143113128
09223596138
09115813275
09211013686
09026685034
09117024760
09127525483
09174881201
09305608869
09388373118
09375983556
09367631843
09918607855
09392344733
09109022012
09102204958
09225063557
09362119156
09195878003
09305687009
09015942107
09361357737
09158259670
09111172114
09117848165
09122413147
09912515578
09113181321
09037304790
09129480573
09196642748
09193549380
09196640425
09127486124
09109619755
09919088413
09199754633
09037120911
09031936393
09923085355
09305166036
09144092478
09370308796
09105830230
09301877680
09390603284
09194363913
09033598664
09377885460
09035372844
09351149669
09921245761
09386493220
09129229674
09038092579
09386543740
09010516071
09370243531
09389846710
09225063556
09357470614
09223730368
09196492576
09146584716
09302773656
09905028268
09380586876
09217392623
09353209437
09380586886
09385217881
09225063549
09198682917
09374178670
09393363909
09194561496
09123494771
09377652632
09116645464
09334271890
09163137215
09211461665
09224391065
09217607944
09140075494
09196492019
09339594747
09100138696
09191541205
09127489971
09303637095
09115808182
09177610374
09025785840
09360704999
09192528648
09128486392
09038170769
09353798468
09904888178
09225063526
09377970848
09100594936
09397688064
09112163634
09392168840
09352066644
09391723036
09216369751
09359529574
09120952505
09397346362
09119766674
09335138399
09380983887
09359756981
09221609423
09391117632
09217848960
09179528848
09211955271
09128119558
09902317207
09336547176
09158460903
09395030579
09116838583
09363299111
09214205405
09191977670
09378128612
09016366248
09352939255
09365872491
09917445483
09116462276
09387555756
09132394248
09124610381
09178502043
09307991065
09363692770
09170043516
09206919029
09143237429
09198372682
09379130591
09388757842
09214787307
09127520624
09033694750
09199859976
09121593543
09128470365
09907510624
09190424635
09385665246
09302046821
09371181830
09107660413
09309174042
09385348950
09192527827
09362658796
09376323666
09190491714
09396450202
09365595998
09034530590
09109317827
09177895412
09303569917
09038966169
09390218838
09164900434
09332238296
09386875392
09367267240
09036121399
09911775880
09229383082
09301912175
09030798093
09117738101
09173691943
09214212949
09217670787
09030135885
09116860204
09211895734
09393513158
09120853735
09306708424
09198533623
09333588380
09051701775
09034035482
09229478725
09174449246
09214738703
09353246267
09031012632
09117901780
09357426646
09191480864
09215692505
09128539318
09156647646
09015853545
09144231959
09164060027
09194252481
09388941929
09308562440
09192121507
09139125274
09307562223
09359630367
09385525921
09170062128
09203192848
09368315613
09378775665
09370667679
09909625320
09017464271
09392208309
09391460562
09178159238
09215682355
09199533599
09392073747
09010356301
09130328058
09364532030
09190373556
09333431426
09016701370
09302069557
09392621133
09308319480
09355439110
09360175047
09360446834
09128919391
09374079206
09030782315
09378687847
09109102223
09165071327
09303501623
09379043101
09392069316
09101601382
09308181808
09907191936
09211569590
09918314756
09307806718
09226928622
09334381271
09381083341
09182188919
09305130491
09197753948
09015462709
09056181073
09300094666
09385623324
09125480881
09398558033
09382690354
09128266166
09129541308
09332584386
09393152191
09170185857
09122582645
09225249894
09350700993
09366544111
09157942803
09357623177
09199659469
09124989552
09195246587
09215064608
09191282364
09370780723
09197171292
09309139745
09337078725
09394514800
09212848903
09145879331
09135226200
09142582124
09915787724
09221043382
09112815227
09119383693
09106822508
09394935582
09399632324
09197959106
09399155851
09358665295
09100781088
09375151447
09382408804
09057116492
09154811235
09031202419
09358563941
09169417504
09902134959
09150281688
09128464939
09386562747
09374073004
09198539138
09377308889
09036728819
09150651141
09188403892
09211549382
09109116207
09109071729
09382849040
09375841304
09390555804
09197872001
09100920949
09351168869
09162803564
09121839908
09383386828
09109507871
09198162906
09038057200
09135125438
09354431918
09026468347
09397780919
09389569365
09391011665
09395845697
09016729882
09140287472
09378351484
09188323924
09103552110
09178002579
09198678664
09105388981
09364214972
09175590757
09365371614
09120986466
09360384669
09229673963
09120254924
09381015018
09011892168
09102680369
09198356763
09016702152
09308277645
09198687812
09330553163
09225154064
09138860432
09388780293
09903637315
09141812382
09125112926
09210354958
09025395470
09120885184
09394946270
09308933590
09012709892
09306556667
09306562050
09215385514
09358242885
09339706866
09331807291
09031680781
09398973852
09191413517
09355480091
09305517926
09187173104
09194910631
09369758098
09365913069
09394955217
09367474909
09374786684
09123896981
09212460676
09129309503
09902193169
09332473231
09330275279
09305277480
09331331960
09384484188
09364851541
09106641480
09381427402
09371624330
09109548928
09051308688
09379647018
09128623234
09338619530
09361025218
09162120971
09914449648
09137123119
09109788784
09121307089
09212131783
09186694069
09036409824
09399165058
09366026386
09395488392
09170752398
09203612723
09334170055
09901056212
09126582478
09034789742
09193015320
09010898621
09981288525
09223114245
09189538278
09052955190
09120230168
09128988260
09359858758
09118213321
09374765065
09387497041
09128505740
09302727574
09375735721
09362351911
09227980494
09116971494
09364118894
09021267476
09039801481
09223952792
09019781405
09392074741
09186889610
09397390210
09399980806
09357987465
09012872526
09227323177
09369453536
09334430663
09339797416
09167559648
09301814521
09134824412
09176262134
09382754466
09370827300
09190226087
09905561286
09115345069
09351022095
09354396744
09143179040
09032103650
09916234315
09389737857
09183168471
09186352249
09026233777
09367741181
09010364834
09197867200
09221638461
09352558887
09393507690
09220182502
09353700906
09212523513
09220712198
09387117476
09303039879
09373038989
09369551876
09129224014
09365832151
09370781670
09127867605
09163673909
09397578341
09162425736
09108549952
09216279283
09015615378
09013272553
09374764734
09391211231
09304883118
09379899505
09115990747
09171042390
09131001380
09121149359
09336547825
09127167761
09226963783
09119537354
09387512662
09100923298
09213962744
09015766953
09389793468
09202021321
09117545737
09332165087
09369125267
09908301311
09363736166
09368474446
09171904110
09362621235
09137581863
09160774148
09132983547
09106299113
09205246304
09058789349
09363441669
09107599345
09036952166
09027035476
09383616608
09122130874
09019048350
09059844016
09332602228
09016560882
09913984551
09919172390
09350800860
09375389709
09399209558
09033100741
09135209713
09216834970
09391722067
09391618874
09012600362
09398105959
09307947793
09034680714
09102212082
09017843426
09217366081
09335508227
09203051541
09399816098
09222636643
09124942817
09104516389
09377757358
09129748215
09116825651
09035044771
09179368551
09103611931
09162164264
09109383400
09122126008
09016683151
09339723621
09162618762
09105970641
09027693215
09195838598
09391192812
09106990833
09394909248
09115197795
09151709284
09216531418
09037631838
09017234656
09157177255
09130184317
09386410267
09339809922
09903736146
09907453294
09192386020
09383541634
09910848200
09304683896
09164229466
09392614500
09174398919
09919787446
09365073443
09389825793
09334818093
09307078437
09108683559
09907605581
09334885040
09056398628
09372330047
09223877037
09169295300
09010220556
09121257531
09108407886
09031023494
09337918490
09186925523
09170808650
09363231481
09919974634
09358403919
09944238265
09122230414
09101436264
09159514082
09214323408
09391820928
09101716937
09394804018
09178699936
09118727092
09143086128
09337292917
09028585690
09167755483
09395509844
09174286285
09337510102
09130954259
09393015244
09385151342
09904214557
09332794933
09117653257
09032081246
09362391419
09027304948
09151441643
09033946768
09351577143
09391022577
09019879661
09121987948
09215295051
09114113429
09900209038
09212072210
09399648214
09101440780
09395569719
09220862494
09144401077
09114699569
09027402911
09151035797
09113456683
09023169806
09127333788
09362058186
09158157581
09029225637
09034680188
09362905197
09331808792
09379624387
09331739304
09013202477
09399485160
09028261671
09104522612
09331870983
09215163353
09375158021
09381520082
09199074769
09308930374
09055053380
09355100084
09029592097
09376819719
09390398957
09334187294
09139140688
09364057578
09381944311
09368641008
09184147660
09302205272
09336728688
09033215883
09907557487
09302805292
09107548689
09010389154
09305114985
09914768095
09217005154
09333691557
09384672587
09211477940
09367803473
09387370784
09144972594
09187526143
09108415877
09105997512
09386356979
09392431830
09012569807
09361255154
09194586865
09017334010
09226374790
09188613214
09195336429
09909514857
09199339435
09362931788
09387371695
09307341117
09122815233
09199787064
09215457256
09128983859
09120746212
09059278502
09030234426
09108702891
09381916774
09918306033
09338640367
09364145079
09017319171
09360093726
09015641516
09010205475
09137750232
09027097787
09128158953
09057839446
09305151715
09123589809
09058371843
09196168616
09394385126
09215148524
09226378951
09379942047
09361878746
09198191063
09101354671
09120815880
09216175931
09361839200
09370654920
09039750635
09302259059
09370786580
09058152351
09116881970
09113321292
09300290498
09228469266
09309791906
09055490296
09224648274
09029286826
09166171717
09011278660
09017157759
09217161383
09307630994
09384910591
09370401410
09011505355
09100998980
09211459314
09302902822
09374621586
09123656249
09366385689
09039169640
09355935155
09036384227
09058954077
09373487613
09149890904
09337535095
09213879892
09184895639
09021401354
09039461311
09357134493
09212780669
09100643285
09144063612
09224029317
09100533910
09016936080
09125333334
09120379346
09025561089
09354168686
09138822532
09121136252
09300627643
09128945674
09302923582
09381227339
09174185602
09224176682
09398171941
09023755722
09022617112
09222164793
09116038964
09165054959
09121492593
09017335941
09909821258
09352881899
09351893180
09388849219
09190112948
09186536417
09391688866
09399565755
09331545909
09339222945
09031755777
09335221515
09031527004
09031313932
09387712312
09025741683
09390173371
09397619647
09303385513
09335452378
09393730115
09125074284
09307404049
09338366652
09121856901
09391775628
09024868177
09120364816
09129056812
09333410221
09154460655
09190359125
09142380832
09304018175
09012526702
09391899930
09333943833
09360835707
09210478461
09160114951
09034309446
09915779508
09028645942
09335413296
09199850299
09114482972
09359507723
09374045110
09902577440
09358608599
09308870102
09913724733
09386018435
09337376988
09037593303
09190659193
09388264908
09131852041
09371238250
09364214310
09362878122
09128505853
09305080149
09192300783
09389300339
09224426078
09024197525
09165582925
09130771132
09333941848
09217578907
09361717404
09191236443
09039257484
09333541026
09168498252
09353718987
09144783693
09375645452
09353152211
09167573036
09122764803
09037417514
09035019286
09114379092
09129346933
09155198944
09352766365
09038747850
09361384184
09338113603
09121556623
09351008511
09199872105
09050553609
09014824292
09014241024
09101205716
09361033527
09116249439
09015106965
09214697571
09121237221
09057393037
09034374558
09032894636
09014573701
09212784314
09013912071
09333716458
09134724271
09134716386
09902505403
09010721751
09140465426
09168022247
09339521502
09309858793
09361315193
09038599567
09035081380
09022779641
09351205268
09393723411
09025422989
09397047400
09197114941
09336330993
09307783529
09389430428
09211711385
09178069750
09039249647
09915927120
09903125009
09059629721
09302372108
09393012543
09373272992
09362734228
09038113141
09306089180
09148200763
09217635052
09100769173
09380616864
09217283790
09210748410
09120885143
09372275140
09124057503
09210739619
09214766814
09182359817
09305681590
09015213193
09372393948
09170168160
09038155471
09197269350
09223691235
09301357730
09339554016
09103576931
09373571813
09197536970
09178471958
09306199955
09126395502
09382593819
09122946147
09035930874
09368860972
09304337124
09122024095
09369958606
09393231800
09175706515
09030898421
09383863708
09222873688
09373553418
09357554431
09302903774
09190043933
09229890545
09391946540
09334555466
09216867917
09394864071
09307639044
09037646179
09212337876
09213586602
09037147081
09212843025
09017140028
09029497694
09338794354
09339869256
09027557349
09031489434
09373232460
09194384885
09143460134
09013936584
09100731700
09378571374
09353516906
09392228198
09360806713
09019617125
09195939319
09380203903
09039137035
09399445134
09154509747
09334141649
09029253309
09120767253
09120217795
09330974898
09123795387
09142651455
09392270450
09142546819
09100192769
09107874090
09385354160
09196096550
09164552134
09120857301
09356089471
09226976810
09183615849
09030484977
09331429229
09129053953
09149718798
09338153684
09173731510
09142306709
09105505863
09120620671
09114789058
09394483370
09378764964
09198009351
09910398570
09337015177
09125837841
09026413430
09395057250
09028037957
09211748472
09034133732
09129732029
09037801433
09190600227
09903265171
09383789979
09212414616
09213535453
09351021601
09395770830
09057537579
09388311586
09199573171
09396883358
09190848200
09378004561
09384732144
09213515650
09202001902
09396840019
09309692573
09389509239
09154816067
09223231530
09359842188
09198472109
09197226903
09391211886
09302484729
09355154265
09137539273
09216095562
09014986929
09394026191
09337957883
09167695259
09199780056
09339678863
09364467779
09013164977
09024188483
09367904134
09336890538
09213863588
09388570450
09126131773
09388886413
09339581290
09365711414
09388371427
09364032421
09366033487
09198913913
09357711281
09019711969
09011412979
09135395627
09031786929
09373793405
09357500117
09130008598
09039978333
09304301062
09016592503
09308587814
09907080851
09378352199
09111090291
09394145222
09339570829
09126500311
09904191688
09033229789
09371819069
09300480411
09384596869
09367489032
09394806982
09392207353
09136475806
09103662189
09334491868
09352412424
09334028624
09125217298
09198695729
09365802977
09391039977
09305339499
09332445407
09361022635
09026245098
09358189085
09390070651
09170627076
09215479890
09399136230
09364814547
09153050226
09142158794
09371740121
09377679968
09303722110
09919446400
09380366086
09113136462
09382171824
09332629259
09217378923
09337176612
09305801630
09148004230
09026593389
09300543835
09174559165
09335971300
09352141411
09103316143
09107633626
09362095482
09198142026
09203228546
09361148924
09109917704
09019243785
09354065678
09015072922
09139586039
09360793396
09031710757
09100066537
09305789235
09213016046
09224037292
09154849890
09147365205
09356032450
09356540435
09339548698
09307208270
09025973151
09183470496
09032848584
09909576568
09390741899
09392521787
09395075420
09012713822
09107666047
09356697272
09381488493
09353678855
09035198261
09365833133
09154192550
09308891776
09902088980
09190657526
09022867676
09210771942
09359255070
09334766778
09034230025
09016629283
09399187021
09220977313
09199900764
09375058355
09360029601
09120960539
09120623632
09357921851
09120399121
09306179237
09360537081
09306973540
09031976321
09303556632
09395156967
09123857466
09107662257
09195976987
09029497385
09152188266
09394485791
09147670525
09139166146
09223633727
09139989862
09028082223
09197580219
09395467962
09392869032
09391048189
09338120608
09139180054
09216966870
09397008421
09016472479
09396930019
09038919495
09385505213
09903388292
09337312027
09377495199
09907035934
09022327025
09137463723
09214691154
09100014228
09303364855
09144328116
09121028671
09388452386
09355471657
09120149948
09217146612
09390141034
09033332726
09397711791
09385155907
09305503137
09101772775
09921850799
09017242829
09198947008
09031891120
09140924026
09011891943
09399232404
09337170463
09151408066
09358182911
09363468331
09902112069
09382606668
09034872293
09336266568
09198089257
09019149536
09213296597
09370550526
09382439680
09142989049
09391256885
09387044591
09187581950
09109984281
09334572477
09353768933
09169677059
09195195259
09032861185
09372071247
09102430571
09380181460
09215743689
09167005033
09351838495
09175858085
09334445615
09365577594
09035133110
09369682375
09127358742
09391366133
09900059218
09367626164
09369451563
09398232858
09331246613
09191735161
09308813262
09108368507
09921308725
09397212466
09019665374
09026277064
09198632050
09024408693
09362371562
09186445307
09302203907
09057499554
09033472138
09351680413
09101694626
09015352818
09391068830
09014890628
09167689037
09182057175
09100028768
09039689388
09303626633
09211325158
09102692397
09374736381
09390711171
09399692743
09194642069
09380499868
09367909183
09152283288
09051293304
09389135001
09017499608
09136328034
09397475398
09197566345
09019414227
09106736414
09156873100
09379718467
09358127631
09336349759
09056508766
09015617958
09130044716
09170668079
09331418626
09185886761
09353281376
09379958618
09014204161
09903175931
09195411619
09194935870
09356746730
09108383937
09331448942
09216764077
09217274929
09384346088
09304734250
09919628911
09367884377
09100353176
09175834924
09114149071
09302131655
09199001767
09107642141
09125737348
09213201946
09359726003
09394580670
09016515241
09393660577
09365702292
09389685574
09336266603
09336041509
09033422561
09016438766
09362239132
09384790179
09399245240
09350604014
09153157406
09116030518
09101626384
09380608986
09378966072
09188815159
09144541530
09392050073
09305061386
09211073299
09199855545
09031535952
09390118944
09359177182
09012522554
09117901781
09104831836
09397234048
09901883867
09904434104
09399930087
09034019541
09389233758
09386394891
09013109672
09370212604
09108216077
09138311033
09165404326
09336236112
09309673572
09155740790
09192475845
09197337554
09396010929
09904494942
09374645499
09373095449
09100432439
09035062957
09058628082
09302617374
09363350723
09330527440
09156594572
09391476514
09214273095
09386096699
09025980613
09217592933
09035684724
09383591611
09211659389
09373561205
09331260113
09175616921
09211721737
09028369085
09164398813
09210491410
09160605841
09197513574
09021919004
09393449262
09102771696
09394744674
09354349011
09156199515
09387139192
09301728355
09391818313
09170180455
09365730957
09360343827
09357189265
09108705929
09211257174
09351021532
09372937241
09140829629
09120521853
09197281227
09365433096
09356527836
09383731912
09380758623
09138328863
09375355898
09306774715
09367975414
09100648756
09016973133
09352300185
09907713105
09102031740
09016772173
09214742573
09354342416
09379921994
09906451801
09350779010
09221365034
09307178800
09108876403
09215912246
09359890096
09017170260
09016572816
09176352643
09376442059
09333951408
09376257002
09160583499
09010106870
09212934593
09300860500
09140074313
09031863503
09307472325
09335154389
09376198020
09019075620
09395944699
09107599309
09397363176
09393210065
09904951097
09352996291
09170172025
09373421546
09907403834
09120147216
09334492642
09135683693
09172650582
09215606975
09354040459
09124942214
09362168371
09382267323
09058621470
09198975073
09028192948
09304322813
09054329953
09165256720
09117612949
09021201647
09138223180
09037579045
09058435383
09375609270
09195500273
09392098505
09199176097
09221314921
09162849764
09374313825
09033276670
09307085001
09103555991
09224026081
09030298350
09917391941
09107615543
09160265328
09373966713
09167911951
09362961636
09031524798
09175434876
09121892057
09399731489
09130450998
09188415198
09035864041
09902111903
09308505130
09212095305
09304388216
09223365165
09374590744
09391137304
09036511545
09339558014
09116544245
09214939072
09101801074
09386004021
09120052997
09228355814
09027481130
09394253259
09227916603
09912010647
09366905837
09336251212
09154386652
09030414279
09367024421
09130022246
09367926433
09013029103
09371796968
09332072435
09013054141
09017535792
09385069544
09164429462
09108486523
09383082272
09031070235
09017291159
09304601786
09378465894
09148751241
09104564360
09330542757
09035855043
09391833007
09373620145
09904013545
09385842882
09145581096
09338585611
09128282825
09334549443
09033667967
09167543123
09397842766
09160302026
09909024838
09300950569
09126035636
09373177215
09169283145
09336073611
09394582747
09368744240
09212483791
09120722657
09393222965
09198379381
09012501313
09389954215
09019050615
09121235611
09334457334
09114701125
09213997076
09154906871
09059461164
09339689473
09396740909
09035037501
09359743595
09011885342
09378968575
09106636817
09190229698
09332946245
09375995312
09190693613
09211748061
09391595210
09169235322
09196980700
09124146462
09921415161
09114530928
09212764214
09053602122
09351982566
09211619331
09391788783
09366656316
09384044476
09339022859
09011713980
09302915698
09145782878
09027048032
09214742687
09377602994
09012312398
09384934586
09171033110
09337617246
09374885049
09380147587
09114148797
09335376317
09206803140
09129312605
09199331099
09362495360
09380200796
09167346481
09382394025
09303669563
09031271179
09129257525
09148946731
09339246518
09336662189
09037407359
09175873483
09365060013
09366290360
09211274026
09016465424
09144143055
09129632086
09030892250
09195679095
09393622128
09126854126
09214450641
09355039114
09010656854
09335459007
09120058627
09398388363
09385213726
09398763062
09156482341
09137595139
09334061046
09125138463
09372873765
09364068552
09035341559
09215574846
09198453840
09360708959
09374971619
09335158060
09903215952
09148260080
09173624335
09369143592
09100044259
09385312855
09355834587
09366575152
09108593989
09191763969
09113587585
09019626425
09387223029
09175273702
09383300256
09213942584
09211874718
09337399540
09371181005
09306264213
09058468266
09030871601
09302481474
09399515998
09033549770
09309214814
09376623740
09031435260
09016840141
09365095322
09126160565
09158983724
09336770291
09038128222
09393702296
09174071680
09050349400
09391991171
09981218301
09104424327
09217703982
09217851750
09034796946
09121714784
09226390182
09120245929
09216112182
09011535694
09122187317
09308477143
09213315219
09165219805
09039757666
09102597156
09392602055
09108808713
09353167024
09017179617
09363966807
09309808985
09377618258
09221602681
09385066602
09905255163
09165021123
09383168463
09903240414
09012428337
09039643269
09170155643
09039573626
09306790792
09134326483
09372524321
09106992419
09903019366
09031631433
09901352675
09198270759
09016689894
09384605926
09101595822
09104508056
09216684761
09338930199
09102626915
09113944370
09109291916
09102148208
09331099885
09107785748
09906802795
09391064790
09384204008
09338535196
09300447337
09391172360
09901719203
09334603018
09197371337
09036453025
09039770359
09912775082
09128209512
09177241381
09211184615
09016072540
09190081592
09222852135
09396171005
09124975103
09365157892
09120089220
09907691230
09193066210
09370748703
09370806996
09395535659
09116663606
09213891906
09011557856
09351776988
09157770321
09308628223
09033773632
09339518632
09108159518
09135840374
09388678007
09211232012
09140969562
09108667643
09226571368
09363223761
09395365093
09019551483
09917406857
09227125323
09365746857
09116800870
09120683524
09382074484
09136550851
09361748561
09031235878
09335010596
09032767568
09016790242
09124601962
09388222834
09302636865
09217731353
09306809713
09332742645
09017959804
09381479892
09381012761
09304826169
09306003752
09112248948
09226370896
09357679093
09306079875
09022223725
09116776148
09338902799
09039508161
09121308578
09361684313
09127001067
09372810055
09371407349
09334116951
09901434083
09302086651
09391180353
09101157232
09031027859
09339060561
09160944951
09339836571
09309889393
09334043386
09178086979
09374691990
09037125943
09386683488
09142049584
09032973612
09028034522
09126940722
09190827860
09016535166
09167829030
09012396420
09331190485
09140016469
09391174535
09909771434
09129733387
09029287873
09337875371
09170620140
09361873477
09192651157
09337799165
09334634492
09129335043
09351261005
09214874389
09223682183
09216840956
09122070680
09017421796
09916315053
09307593767
09120257789
09394482732
09379425236
09211359282
09331145575
09169979734
09167790189
09369654294
09013337054
09300495845
09376180651
09104504794
09132735399
09117255374
09190783323
09223961349
09386410297
09305779748
09308464243
09151153106
09167349926
09183807639
09910432320
09127998530
09190675163
09022432202
09399535851
09024360202
09372332522
09399748345
09135572408
09385826567
09373611514
09114060159
09399439743
09175527128
09122804876
09177116064
09109029182
09123374653
09383152461
09122584355
09128440076
09146262232
09303544267
09351056530
09134822197
09123582263
09332670527
09362991535
09904126558
09135160109
09213684903
09128687472
09120883110
09120454401
09366411945
09124644505
09178055240
09377968324
09332758223
09212826621
09106872993
09133681230
09039885650
09387829877
09122208828
09395759122
09302033851
09378112254
09212178235
09192377630
09037100214
09334689800
09339804110
09136416082
09335708679
09010610663
09194273522
09116189934
09227160294
09389366848
09364420376
09353080621
09037646183
09052311606
09217943316
09173077067
09105998915
09014943100
09021635062
09037695001
09309874690
09210923584
09337686141
09177682578
09369272535
09102704312
09179646343
09379821143
09903220249
09011721360
09365651201
09126941182
09032786995
09101108936
09390895384
09356941936
09117254237
09212647550
09039875384
09129316421
09338766188
09300189582
09399567141
09101671223
09031929506
09185552183
09384187141
09362850203
09383004033
09107863617
09354839271
09024981101
09128471287
09136944239
09369322100
09337726771
09227670762
09375081879
09371983636
09057886479
09351139194
09034806332
09384676506
09336542506
09379624712
09182645244
09136036898
09152673109
09903122688
09910837311
09392587254
09105947433
09017135692
09057644796
09373724394
09918640714
09335803721
09399104543
09194444361
09304211667
09028352270
09033683668
09168009464
09190310068
09031470400
09141687668
09334191116
09169215383
09309060584
09368249505
09392351273
09135131998
09217919211
09124133189
09338405393
09140882838
09037120593
09136924178
09100783165
09308874904
09169458821
09016727219
09126754574
09367353393
09356560381
09374870063
09120207594
09033709669
09373553998
09365211080
09390000547
09381800233
09055669529
09175550249
09140713694
09172253050
09386735467
09366988458
09398369199
09394859175
09363182798
09227590682
09304264534
09301529659
09128398727
09102684051
09303213711
09304857238
09375624152
09396117785
09120396086
09353227367
09026815467
09174853371
09392528472
09226344326
09168431328
09122807897
09921368926
09354148857
09381873130
09384603605
09368032400
09129496106
09337571059
09190361397
09384851926
09140469135
09179175075
09123016241
09177884992
09011822024
09125387948
09051867994
09120195439
09125034461
09134100266
09152844035
09158540015
09365052022
09109276743
09127625314
09128093324
09195998624
09197359865
09123217226
09195586045
09107778894
09106198722
09124197012
09109171909
09364363242
09192972759
09362992400
09212760992
09274505307
0912586846564564
09386627876
09214019028
09330793029
09210120247
09025398680
09387350823
09334706242
09352525646
09162463265
09012711101
09156198219
09212336818
09126198309
09123447860
09215584179
09229505422
09121340037
09360243672
09024543202
09354847472
09128987949
09011397998
09105914002
