09357987465
09012872526
09115345069
09032103650
09916234315
09183168471
09186352249
09367741181
09010364834
09197867200
09221638461
09352558887
09220182502
09353700906
09212523513
09220712198
09387117476
09303039879
09373038989
09129224014
09370781670
09127867605
09163673909
09397578341
09162425736
09108549952
09216279283
09015615378
09013272553
09374764734
09391211231
09379899505
09115990747
09171042390
09131001380
09121149359
09336547825
09127167761
09226963783
09119537354
09387512662
09100923298
09213962744
09389793468
09202021321
09117545737
09332165087
09369125267
09908301311
09363736166
09368474446
09362621235
09137581863
09160774148
09132983547
09106299113
09205246304
09058789349
09363441669
09107599345
09036952166
09027035476
09122130874
09019048350
09059844016
09332602228
09016560882
09913984551
09919172390
09350800860
09375389709
09399209558
09033100741
09135209713
09216834970
09391722067
09391618874
09012600362
09398105959
09307947793
09034680714
09017843426
09203051541
09399816098
09222636643
09124942817
09104516389
09377757358
09129748215
09116825651
09035044771
09179368551
09103611931
09162164264
09109383400
09122126008
09016683151
09162618762
09105970641
09027693215
09195838598
09391192812
09106990833
09394909248
09115197795
09151709284
09216531418
09037631838
09157177255
09130184317
09386410267
09339809922
09903736146
09907453294
09383541634
09910848200
09304683896
09164229466
09392614500
09919787446
09365073443
09389825793
09307078437
09108683559
09907605581
09334885040
09056398628
09372330047
09223877037
09169295300
09010220556
09121257531
09108407886
09031023494
09337918490
09186925523
09358403919
09101436264
09159514082
09214323408
09391820928
09101716937
09394804018
09118727092
09143086128
09337292917
09028585690
09167755483
09395509844
09337510102
09130954259
09393015244
09385151342
09904214557
09332794933
09117653257
09032081246
09362391419
09027304948
09151441643
09033946768
09351577143
09391022577
09215295051
09114113429
09900209038
09212072210
09101440780
09395569719
09220862494
09114699569
09027402911
09151035797
09113456683
09023169806
09127333788
09362058186
09158157581
09029225637
09034680188
09362905197
09331808792
09379624387
09331739304
09013202477
09399485160
09028261671
09104522612
09331870983
09215163353
09381520082
09199074769
09308930374
09055053380
09355100084
09029592097
09376819719
09390398957
09334187294
09139140688
09364057578
09381944311
09184147660
09302205272
09336728688
09033215883
09907557487
09302805292
09107548689
09010389154
09305114985
09914768095
09333691557
09384672587
09211477940
09387370784
09144972594
09187526143
09108415877
09105997512
09386356979
09392431830
09012569807
09361255154
09194586865
09226374790
09188613214
09195336429
09909514857
09362931788
09387371695
09307341117
09122815233
09199787064
09215457256
09128983859
09120746212
09059278502
09030234426
09108702891
09381916774
09918306033
09338640367
09364145079
09017319171
09360093726
09015641516
09010205475
09137750232
09027097787
09128158953
09057839446
09305151715
09123589809
09058371843
09196168616
09394385126
09215148524
09379942047
09361878746
09198191063
09101354671
09120815880
09216175931
09361839200
09370654920
09039750635
09370786580
09058152351
09116881970
09113321292
09228469266
09309791906
09055490296
09224648274
09029286826
09166171717
09011278660
09017157759
09217161383
09307630994
09384910591
09370401410
09011505355
09100998980
09211459314
09302902822
09374621586
09123656249
09366385689
09039169640
09355935155
09036384227
09058954077
09373487613
09149890904
09213879892
09184895639
09021401354
09039461311
09357134493
09212780669
09100643285
09144063612
09224029317
09100533910
09016936080
09125333334
09120379346
09025561089
09354168686
09138822532
09121136252
09300627643
09128945674
09302923582
09174185602
09224176682
09398171941
09023755722
09222164793
09116038964
09165054959
09121492593
09017335941
09909821258
09352881899
09351893180
09388849219
09190112948
09186536417
09391688866
09331545909
09339222945
09031755777
09335221515
09031527004
09031313932
09387712312
09025741683
09390173371
09397619647
09303385513
09335452378
09393730115
09125074284
09307404049
09338366652
09121856901
09391775628
09024868177
09120364816
09129056812
09333410221
09154460655
09190359125
09142380832
09304018175
09012526702
09391899930
09333943833
09360835707
09210478461
09034309446
09915779508
09028645942
09335413296
09199850299
09114482972
09359507723
09374045110
09902577440
09358608599
09913724733
09337376988
09388264908
09362878122
09128505853
09305080149
09024197525
09130771132
09333941848
09217578907
09361717404
09191236443
09039257484
09333541026
09353718987
09144783693
09375645452
09353152211
09167573036
09037417514
09035019286
09114379092
09038747850
09361384184
09338113603
09121556623
09351008511
09199872105
09050553609
09014824292
09014241024
09101205716
09361033527
09015106965
09214697571
09121237221
09057393037
09034374558
09032894636
09014573701
09212784314
09013912071
09333716458
09134724271
09134716386
09902505403
09010721751
09339521502
09309858793
09361315193
09038599567
09035081380
09022779641
09351205268
09393723411
09025422989
09397047400
09197114941
09336330993
09307783529
09389430428
09211711385
09039249647
09915927120
09903125009
09302372108
09393012543
09373272992
09362734228
09038113141
09306089180
09148200763
09217635052
09380616864
09217283790
09210748410
09120885143
09372275140
09124057503
09210739619
09182359817
09305681590
09015213193
09372393948
09170168160
09038155471
09197269350
09223691235
09301357730
09339554016
09103576931
09373571813
09197536970
09178471958
09306199955
09382593819
09122946147
09035930874
09304337124
09369958606
09393231800
09175706515
09030898421
09383863708
09222873688
09373553418
09357554431
09302903774
09190043933
09229890545
09391946540
09334555466
09216867917
09394864071
09307639044
09037646179
09212337876
09213586602
09037147081
09212843025
09017140028
09029497694
09338794354
09339869256
09027557349
09031489434
09373232460
09194384885
09143460134
09013936584
09100731700
09378571374
09353516906
09360806713
09019617125
09195939319
09380203903
09039137035
09399445134
09154509747
09334141649
09029253309
09120767253
09330974898
09123795387
09142651455
09392270450
09142546819
09100192769
09107874090
09385354160
09196096550
09164552134
09120857301
09356089471
09226976810
09183615849
09030484977
09331429229
09129053953
09149718798
09338153684
09173731510
09142306709
09105505863
09120620671
09114789058
09394483370
09378764964
09198009351
09910398570
09337015177
09125837841
09026413430
09395057250
09028037957
09211748472
09034133732
09129732029
09037801433
09190600227
09903265171
09383789979
09212414616
09213535453
09351021601
09395770830
09057537579
09388311586
09199573171
09396883358
09190848200
09378004561
09384732144
09213515650
09202001902
09396840019
09309692573
09389509239
09154816067
09223231530
09391211886
09337957883
09167695259
09213863588
09388371427
09357711281
09019711969
09337176612
09174559165
09365833133
09375058355
09360029601
09121028671
09388452386
09140924026
09151408066
09175858085
09921308725
09167689037
09102692397
09390711171
09194935870
09367884377
09107642141
09217592933
09354349011
09102031740
09215912246
09359890096
09017170260
09176352643
09376442059
09333951408
09376257002
09160583499
09010106870
09212934593
09300860500
09140074313
09031863503
09307472325
09335154389
09376198020
09019075620
09395944699
09397363176
09393210065
09904951097
09170172025
09373421546
09907403834
09120147216
09334492642
09135683693
09172650582
09215606975
09362168371
09058621470
09198975073
09028192948
09304322813
09054329953
09165256720
09117612949
09021201647
09138223180
09037579045
09058435383
09375609270
09195500273
09392098505
09199176097
09221314921
09162849764
09374313825
09033276670
09307085001
09103555991
09224026081
09030298350
09107615543
09160265328
09373966713
09031524798
09175434876
09121892057
09399731489
09130450998
09188415198
09035864041
09902111903
09308505130
09212095305
09304388216
09223365165
09391137304
09036511545
09116544245
09214939072
09101801074
09386004021
09120052997
09228355814
09027481130
09394253259
09227916603
09912010647
09366905837
09336251212
09154386652
09030414279
09367024421
09130022246
09367926433
09013029103
09371796968
09332072435
09013054141
09017535792
09385069544
09164429462
09108486523
09383082272
09017291159
09304601786
09378465894
09148751241
09104564360
09330542757
09035855043
09391833007
09373620145
09904013545
09385842882
09145581096
09338585611
09128282825
09334549443
09033667967
09167543123
09397842766
09160302026
09909024838
09300950569
09126035636
09169283145
09336073611
09394582747
09368744240
09212483791
09120722657
09393222965
09198379381
09389954215
09019050615
09121235611
09334457334
09114701125
09213997076
09154906871
09339689473
09396740909
09035037501
09359743595
09011885342
09378968575
09106636817
09190229698
09332946245
09375995312
09190693613
09211748061
09391595210
09169235322
09196980700
09124146462
09114530928
09212764214
09053602122
09351982566
09391788783
09366656316
09384044476
09339022859
09302915698
09145782878
09027048032
09214742687
09012312398
09384934586
09171033110
09337617246
09374885049
09380147587
09114148797
09335376317
09206803140
09129312605
09199331099
09362495360
09380200796
09382394025
09303669563
09031271179
09129257525
09148946731
09339246518
09336662189
09037407359
09175873483
09365060013
09366290360
09211274026
09016465424
09144143055
09129632086
09030892250
09195679095
09393622128
09214450641
09355039114
09010656854
09335459007
09120058627
09385213726
09398763062
09156482341
09137595139
09334061046
09125138463
09372873765
09364068552
09035341559
09215574846
09198453840
09360708959
09374971619
09335158060
09903215952
09148260080
09173624335
09369143592
09100044259
09385312855
09355834587
09108593989
09191763969
09113587585
09019626425
09387223029
09175273702
09383300256
09213942584
09211874718
09337399540
09371181005
09058468266
09030871601
09302481474
09399515998
09033549770
09309214814
09376623740
09031435260
09016840141
09365095322
09126160565
09158983724
09336770291
09038128222
09393702296
09174071680
09050349400
09391991171
09981218301
09104424327
09217703982
09217851750
09034796946
09121714784
09226390182
09120245929
09216112182
09011535694
09122187317
09308477143
09213315219
09165219805
09102597156
09392602055
09108808713
09353167024
09017179617
09363966807
09309808985
09377618258
09221602681
09385066602
09905255163
09165021123
09383168463
09903240414
09012428337
09039643269
09170155643
09039573626
09306790792
09134326483
09372524321
09106992419
09903019366
09031631433
09901352675
09198270759
09384605926
09101595822
09104508056
09216684761
09338930199
09109291916
09102148208
09331099885
09107785748
09906802795
09391064790
09338535196
09300447337
09391172360
09901719203
09334603018
09036453025
09039770359
09912775082
09128209512
09177241381
09211184615
09016072540
09190081592
09222852135
09396171005
09365157892
09907691230
09193066210
09370748703
09370806996
09395535659
09116663606
09213891906
09011557856
09351776988
09157770321
09308628223
09033773632
09339518632
09108159518
09388678007
09140969562
09108667643
09226571368
09395365093
09019551483
09917406857
09227125323
09365746857
09116800870
09120683524
09382074484
09136550851
09361748561
09031235878
09335010596
09032767568
09016790242
09124601962
09388222834
09302636865
09217731353
09332742645
09017959804
09381479892
09381012761
09304826169
09306003752
09112248948
09226370896
09357679093
09306079875
09022223725
09116776148
09338902799
09039508161
09121308578
09361684313
09127001067
09372810055
09371407349
09334116951
09901434083
09302086651
09391180353
09101157232
09031027859
09339060561
09160944951
09339836571
09309889393
09334043386
09178086979
09374691990
09037125943
09386683488
09142049584
09032973612
09028034522
09126940722
09190827860
09016535166
09167829030
09012396420
09331190485
09140016469
09391174535
09909771434
09129733387
09029287873
09337875371
09170620140
09361873477
09192651157
09337799165
09334634492
09129335043
09351261005
09214874389
09223682183
09216840956
09122070680
09017421796
09916315053
09307593767
09120257789
09394482732
09379425236
09211359282
09331145575
09169979734
09167790189
09369654294
09013337054
09300495845
09376180651
09132735399
09117255374
09223961349
09386410297
09305779748
09308464243
09151153106
09167349926
09910432320
09127998530
09190675163
09022432202
09399535851
09024360202
09372332522
09399748345
09135572408
09385826567
09373611514
09114060159
09399439743
09175527128
09122804876
09177116064
09109029182
09123374653
09383152461
09122584355
09128440076
09146262232
09303544267
09351056530
09134822197
09123582263
09332670527
09362991535
09904126558
09135160109
09213684903
09128687472
09120883110
09120454401
09366411945
09124644505
09178055240
09377968324
09332758223
09212826621
09106872993
09133681230
09039885650
09395759122
09378112254
09212178235
09192377630
09037100214
09334689800
09339804110
09136416082
09335708679
09194273522
09116189934
09227160294
09389366848
09364420376
09353080621
09037646183
09052311606
09217943316
09173077067
09105998915
09014943100
09021635062
09037695001
09309874690
09210923584
09337686141
09177682578
09369272535
09102704312
09179646343
09379821143
09903220249
09011721360
09365651201
09126941182
09032786995
09101108936
09390895384
09117254237
09212647550
09039875384
09338766188
09300189582
09399567141
09101671223
09031929506
09185552183
09384187141
09362850203
09383004033
09107863617
09354839271
09024981101
09128471287
09136944239
09369322100
09337726771
09227670762
09375081879
09371983636
09057886479
09034806332
09384676506
09336542506
09379624712
09182645244
09136036898
09152673109
09903122688
09910837311
09392587254
09105947433
09017135692
09057644796
09918640714
09335803721
09399104543
09194444361
09304211667
09033683668
09168009464
09190310068
09031470400
09141687668
09334191116
09169215383
09309060584
09368249505
09135131998
09217919211
09124133189
09338405393
09140882838
09037120593
09136924178
09308874904
09367353393
09356560381
09374870063
09033709669
09365211080
09390000547
09055669529
09175550249
09386735467
09398369199
09304264534
09102684051
09384851926
09195998624
09123217226
09106198722
09215584179
09011397998
